INSTANCE	ITERATION	MAXIMUM_CLIQUE	RUNTIME

benchmarks/C125.9.clq	1	31	0.33415818214416504
benchmarks/C125.9.clq	2	29	0.2918517589569092
benchmarks/C125.9.clq	3	31	0.3597698211669922
benchmarks/C125.9.clq	4	30	0.3156139850616455
benchmarks/C125.9.clq	5	30	0.3572225570678711
benchmarks/C125.9.clq	6	27	0.23154211044311523
benchmarks/C125.9.clq	7	32	0.358551025390625
benchmarks/C125.9.clq	8	27	0.24765729904174805
benchmarks/C125.9.clq	9	31	0.33175039291381836
benchmarks/C125.9.clq	10	32	0.36065101623535156
benchmarks/C125.9.clq	11	27	0.2759263515472412
benchmarks/C125.9.clq	12	33	0.3924751281738281
benchmarks/C125.9.clq	13	28	0.268587589263916
benchmarks/C125.9.clq	14	27	0.2778918743133545
benchmarks/C125.9.clq	15	29	0.34865474700927734
benchmarks/C125.9.clq	16	34	0.34645938873291016
benchmarks/C125.9.clq	17	27	0.22435331344604492
benchmarks/C125.9.clq	18	28	0.2812690734863281
benchmarks/C125.9.clq	19	32	0.39057254791259766
benchmarks/C125.9.clq	20	29	0.2923264503479004
benchmarks/C125.9.clq	21	30	0.3144264221191406
benchmarks/C125.9.clq	22	30	0.32332730293273926
benchmarks/C125.9.clq	23	30	0.34807825088500977
benchmarks/C125.9.clq	24	30	0.25774359703063965
benchmarks/C125.9.clq	25	30	0.3655886650085449
benchmarks/C125.9.clq	26	30	0.2863590717315674
benchmarks/C125.9.clq	27	30	0.28264546394348145
benchmarks/C125.9.clq	28	29	0.2698090076446533
benchmarks/C125.9.clq	29	27	0.24397802352905273
benchmarks/C125.9.clq	30	30	0.33217525482177734
benchmarks/C125.9.clq	31	29	0.34450793266296387
benchmarks/C125.9.clq	32	28	0.23596525192260742
benchmarks/C125.9.clq	33	28	0.27105236053466797
benchmarks/C125.9.clq	34	28	0.28989481925964355
benchmarks/C125.9.clq	35	30	0.2744297981262207
benchmarks/C125.9.clq	36	29	0.3268110752105713
benchmarks/C125.9.clq	37	30	0.2943902015686035
benchmarks/C125.9.clq	38	29	0.2645246982574463
benchmarks/C125.9.clq	39	29	0.251070499420166
benchmarks/C125.9.clq	40	29	0.30234527587890625
benchmarks/C125.9.clq	41	28	0.26750731468200684
benchmarks/C125.9.clq	42	29	0.2773702144622803
benchmarks/C125.9.clq	43	29	0.272296667098999
benchmarks/C125.9.clq	44	29	0.2756836414337158
benchmarks/C125.9.clq	45	27	0.27775073051452637
benchmarks/C125.9.clq	46	32	0.2944681644439697
benchmarks/C125.9.clq	47	30	0.3373720645904541
benchmarks/C125.9.clq	48	32	0.3547053337097168
benchmarks/C125.9.clq	49	30	0.34839653968811035
benchmarks/C125.9.clq	50	29	0.2914750576019287
benchmarks/C125.9.clq	51	32	0.28646349906921387
benchmarks/C125.9.clq	52	28	0.2691650390625
benchmarks/C125.9.clq	53	27	0.22899985313415527
benchmarks/C125.9.clq	54	29	0.30295658111572266
benchmarks/C125.9.clq	55	31	0.3606419563293457
benchmarks/C125.9.clq	56	27	0.26491332054138184
benchmarks/C125.9.clq	57	29	0.3050112724304199
benchmarks/C125.9.clq	58	29	0.3084878921508789
benchmarks/C125.9.clq	59	29	0.32259106636047363
benchmarks/C125.9.clq	60	33	0.3768646717071533
benchmarks/C125.9.clq	61	27	0.27471303939819336
benchmarks/C125.9.clq	62	29	0.24187564849853516
benchmarks/C125.9.clq	63	27	0.24619793891906738
benchmarks/C125.9.clq	64	28	0.30335521697998047
benchmarks/C125.9.clq	65	32	0.29895687103271484
benchmarks/C125.9.clq	66	28	0.29402971267700195
benchmarks/C125.9.clq	67	31	0.3806769847869873
benchmarks/C125.9.clq	68	28	0.2714371681213379
benchmarks/C125.9.clq	69	28	0.2704324722290039
benchmarks/C125.9.clq	70	30	0.3625166416168213
benchmarks/C125.9.clq	71	30	0.31075620651245117
benchmarks/C125.9.clq	72	30	0.3459906578063965
benchmarks/C125.9.clq	73	33	0.3512401580810547
benchmarks/C125.9.clq	74	30	0.38569116592407227
benchmarks/C125.9.clq	75	27	0.31241464614868164
benchmarks/C125.9.clq	76	28	0.25125980377197266
benchmarks/C125.9.clq	77	32	0.3037288188934326
benchmarks/C125.9.clq	78	27	0.25380659103393555
benchmarks/C125.9.clq	79	31	0.3003358840942383
benchmarks/C125.9.clq	80	26	0.22230839729309082
benchmarks/C125.9.clq	81	28	0.27885961532592773
benchmarks/C125.9.clq	82	31	0.36705446243286133
benchmarks/C125.9.clq	83	29	0.32183337211608887
benchmarks/C125.9.clq	84	30	0.2561757564544678
benchmarks/C125.9.clq	85	29	0.26938748359680176
benchmarks/C125.9.clq	86	28	0.2667117118835449
benchmarks/C125.9.clq	87	26	0.269622802734375
benchmarks/C125.9.clq	88	27	0.22704529762268066
benchmarks/C125.9.clq	89	29	0.2523074150085449
benchmarks/C125.9.clq	90	33	0.32877230644226074
benchmarks/C125.9.clq	91	30	0.3526275157928467
benchmarks/C125.9.clq	92	28	0.2924835681915283
benchmarks/C125.9.clq	93	32	0.4301762580871582
benchmarks/C125.9.clq	94	27	0.23883962631225586
benchmarks/C125.9.clq	95	29	0.2931835651397705
benchmarks/C125.9.clq	96	31	0.24335050582885742
benchmarks/C125.9.clq	97	30	0.2430572509765625
benchmarks/C125.9.clq	98	31	0.24898934364318848
benchmarks/C125.9.clq	99	27	0.2488703727722168
benchmarks/C125.9.clq	100	26	0.25082993507385254
benchmarks/C250.9.clq	1	35	1.5077264308929443
benchmarks/C250.9.clq	2	35	1.809278964996338
benchmarks/C250.9.clq	3	37	1.6524622440338135
benchmarks/C250.9.clq	4	38	1.9651284217834473
benchmarks/C250.9.clq	5	37	1.5594613552093506
benchmarks/C250.9.clq	6	37	1.7146663665771484
benchmarks/C250.9.clq	7	38	1.9139440059661865
benchmarks/C250.9.clq	8	36	1.489328384399414
benchmarks/C250.9.clq	9	35	1.6580920219421387
benchmarks/C250.9.clq	10	38	2.093008279800415
benchmarks/C250.9.clq	11	36	1.5526070594787598
benchmarks/C250.9.clq	12	35	1.5657739639282227
benchmarks/C250.9.clq	13	34	1.568359613418579
benchmarks/C250.9.clq	14	38	1.7058663368225098
benchmarks/C250.9.clq	15	35	1.5757057666778564
benchmarks/C250.9.clq	16	36	1.692422866821289
benchmarks/C250.9.clq	17	36	1.7375421524047852
benchmarks/C250.9.clq	18	37	1.7559075355529785
benchmarks/C250.9.clq	19	35	1.8796195983886719
benchmarks/C250.9.clq	20	35	1.4126858711242676
benchmarks/C250.9.clq	21	38	2.053819179534912
benchmarks/C250.9.clq	22	38	1.677464246749878
benchmarks/C250.9.clq	23	33	1.4775798320770264
benchmarks/C250.9.clq	24	38	2.0461649894714355
benchmarks/C250.9.clq	25	37	2.0687153339385986
benchmarks/C250.9.clq	26	38	2.4814913272857666
benchmarks/C250.9.clq	27	35	1.7071166038513184
benchmarks/C250.9.clq	28	36	1.9055805206298828
benchmarks/C250.9.clq	29	35	2.210545539855957
benchmarks/C250.9.clq	30	36	2.1801958084106445
benchmarks/C250.9.clq	31	36	2.4866902828216553
benchmarks/C250.9.clq	32	34	1.9199388027191162
benchmarks/C250.9.clq	33	35	2.075464963912964
benchmarks/C250.9.clq	34	37	1.9626998901367188
benchmarks/C250.9.clq	35	35	1.5539696216583252
benchmarks/C250.9.clq	36	38	1.6563985347747803
benchmarks/C250.9.clq	37	38	1.785644292831421
benchmarks/C250.9.clq	38	37	1.5178534984588623
benchmarks/C250.9.clq	39	36	1.6025476455688477
benchmarks/C250.9.clq	40	35	1.6586272716522217
benchmarks/C250.9.clq	41	33	1.525383472442627
benchmarks/C250.9.clq	42	35	1.8595902919769287
benchmarks/C250.9.clq	43	37	1.791001319885254
benchmarks/C250.9.clq	44	36	1.4330110549926758
benchmarks/C250.9.clq	45	39	1.834014892578125
benchmarks/C250.9.clq	46	39	1.9095234870910645
benchmarks/C250.9.clq	47	33	1.473440408706665
benchmarks/C250.9.clq	48	40	1.7217223644256592
benchmarks/C250.9.clq	49	36	1.5353548526763916
benchmarks/C250.9.clq	50	41	2.171064853668213
benchmarks/C250.9.clq	51	37	1.838912010192871
benchmarks/C250.9.clq	52	38	1.5858063697814941
benchmarks/C250.9.clq	53	36	1.6943573951721191
benchmarks/C250.9.clq	54	36	1.6739661693572998
benchmarks/C250.9.clq	55	36	1.7069432735443115
benchmarks/C250.9.clq	56	36	1.4858992099761963
benchmarks/C250.9.clq	57	34	1.4796764850616455
benchmarks/C250.9.clq	58	39	1.9852347373962402
benchmarks/C250.9.clq	59	34	1.495570421218872
benchmarks/C250.9.clq	60	35	1.6413114070892334
benchmarks/C250.9.clq	61	37	1.786219596862793
benchmarks/C250.9.clq	62	42	2.3000991344451904
benchmarks/C250.9.clq	63	39	2.0767788887023926
benchmarks/C250.9.clq	64	37	1.882481336593628
benchmarks/C250.9.clq	65	34	1.8772003650665283
benchmarks/C250.9.clq	66	35	1.9358530044555664
benchmarks/C250.9.clq	67	33	1.5504534244537354
benchmarks/C250.9.clq	68	39	2.1800999641418457
benchmarks/C250.9.clq	69	40	1.7170042991638184
benchmarks/C250.9.clq	70	38	1.9392077922821045
benchmarks/C250.9.clq	71	38	1.948592185974121
benchmarks/C250.9.clq	72	36	1.8248851299285889
benchmarks/C250.9.clq	73	34	1.602442979812622
benchmarks/C250.9.clq	74	39	2.0654752254486084
benchmarks/C250.9.clq	75	38	1.6520919799804688
benchmarks/C250.9.clq	76	37	1.6118977069854736
benchmarks/C250.9.clq	77	37	1.7204198837280273
benchmarks/C250.9.clq	78	37	1.725341796875
benchmarks/C250.9.clq	79	35	1.497138261795044
benchmarks/C250.9.clq	80	35	1.6677701473236084
benchmarks/C250.9.clq	81	36	1.8181605339050293
benchmarks/C250.9.clq	82	36	1.681535005569458
benchmarks/C250.9.clq	83	36	1.7915773391723633
benchmarks/C250.9.clq	84	37	1.9410009384155273
benchmarks/C250.9.clq	85	40	1.910048484802246
benchmarks/C250.9.clq	86	35	1.5786066055297852
benchmarks/C250.9.clq	87	39	1.9221711158752441
benchmarks/C250.9.clq	88	37	1.696394443511963
benchmarks/C250.9.clq	89	36	1.554591417312622
benchmarks/C250.9.clq	90	36	1.5858042240142822
benchmarks/C250.9.clq	91	36	1.5552082061767578
benchmarks/C250.9.clq	92	37	1.5637366771697998
benchmarks/C250.9.clq	93	36	1.4742095470428467
benchmarks/C250.9.clq	94	36	1.6452538967132568
benchmarks/C250.9.clq	95	35	1.676060676574707
benchmarks/C250.9.clq	96	39	1.9761712551116943
benchmarks/C250.9.clq	97	36	1.5556666851043701
benchmarks/C250.9.clq	98	35	1.6485366821289062
benchmarks/C250.9.clq	99	37	1.6827456951141357
benchmarks/C250.9.clq	100	38	1.6714808940887451
benchmarks/C500.9.clq	1	43	10.536826848983765
benchmarks/C500.9.clq	2	48	11.632912635803223
benchmarks/C500.9.clq	3	46	12.677575826644897
benchmarks/C500.9.clq	4	44	12.14732027053833
benchmarks/C500.9.clq	5	42	10.218570947647095
benchmarks/C500.9.clq	6	43	10.039945125579834
benchmarks/C500.9.clq	7	47	13.96681523323059
benchmarks/C500.9.clq	8	44	10.156179189682007
benchmarks/C500.9.clq	9	44	12.534104108810425
benchmarks/C500.9.clq	10	44	9.527655124664307
benchmarks/C500.9.clq	11	39	9.342738389968872
benchmarks/C500.9.clq	12	43	9.645393133163452
benchmarks/C500.9.clq	13	42	10.001787185668945
benchmarks/C500.9.clq	14	46	11.541105508804321
benchmarks/C500.9.clq	15	41	10.290956258773804
benchmarks/C500.9.clq	16	46	10.788414716720581
benchmarks/C500.9.clq	17	42	10.799011468887329
benchmarks/C500.9.clq	18	43	11.550565719604492
benchmarks/C500.9.clq	19	46	11.06835651397705
benchmarks/C500.9.clq	20	43	11.159297227859497
benchmarks/C500.9.clq	21	49	11.921515941619873
benchmarks/C500.9.clq	22	43	10.187987089157104
benchmarks/C500.9.clq	23	47	13.128899335861206
benchmarks/C500.9.clq	24	44	10.838576555252075
benchmarks/C500.9.clq	25	41	10.154454708099365
benchmarks/C500.9.clq	26	42	10.863465070724487
benchmarks/C500.9.clq	27	41	10.19602918624878
benchmarks/C500.9.clq	28	46	11.218044757843018
benchmarks/C500.9.clq	29	46	10.588934421539307
benchmarks/C500.9.clq	30	45	12.118557691574097
benchmarks/C500.9.clq	31	44	10.454862833023071
benchmarks/C500.9.clq	32	45	12.131531000137329
benchmarks/C500.9.clq	33	46	11.376176595687866
benchmarks/C500.9.clq	34	42	11.599932670593262
benchmarks/C500.9.clq	35	41	10.282016277313232
benchmarks/C500.9.clq	36	42	11.774100065231323
benchmarks/C500.9.clq	37	44	13.979689598083496
benchmarks/C500.9.clq	38	44	12.441744804382324
benchmarks/C500.9.clq	39	45	13.550634860992432
benchmarks/C500.9.clq	40	47	14.39933443069458
benchmarks/C500.9.clq	41	40	11.296982765197754
benchmarks/C500.9.clq	42	42	9.446827173233032
benchmarks/C500.9.clq	43	45	10.897273063659668
benchmarks/C500.9.clq	44	44	10.903911828994751
benchmarks/C500.9.clq	45	45	12.533384323120117
benchmarks/C500.9.clq	46	49	12.757878541946411
benchmarks/C500.9.clq	47	41	10.151994466781616
benchmarks/C500.9.clq	48	42	11.629357814788818
benchmarks/C500.9.clq	49	42	11.224554300308228
benchmarks/C500.9.clq	50	45	9.817543983459473
benchmarks/C500.9.clq	51	49	11.710907697677612
benchmarks/C500.9.clq	52	48	13.176545143127441
benchmarks/C500.9.clq	53	45	11.151110172271729
benchmarks/C500.9.clq	54	46	11.922615051269531
benchmarks/C500.9.clq	55	42	9.680176019668579
benchmarks/C500.9.clq	56	43	9.555382013320923
benchmarks/C500.9.clq	57	42	10.407080173492432
benchmarks/C500.9.clq	58	44	10.840975046157837
benchmarks/C500.9.clq	59	43	10.773983001708984
benchmarks/C500.9.clq	60	44	11.471275091171265
benchmarks/C500.9.clq	61	43	9.455182313919067
benchmarks/C500.9.clq	62	48	11.025989294052124
benchmarks/C500.9.clq	63	43	10.946248769760132
benchmarks/C500.9.clq	64	44	11.380038499832153
benchmarks/C500.9.clq	65	44	11.591388940811157
benchmarks/C500.9.clq	66	43	10.089144945144653
benchmarks/C500.9.clq	67	43	11.253093004226685
benchmarks/C500.9.clq	68	42	10.243452072143555
benchmarks/C500.9.clq	69	48	13.14815354347229
benchmarks/C500.9.clq	70	42	11.182287693023682
benchmarks/C500.9.clq	71	42	10.078643798828125
benchmarks/C500.9.clq	72	45	11.620561122894287
benchmarks/C500.9.clq	73	43	11.075170040130615
benchmarks/C500.9.clq	74	48	13.496842861175537
benchmarks/C500.9.clq	75	42	11.27185606956482
benchmarks/C500.9.clq	76	46	10.655744314193726
benchmarks/C500.9.clq	77	46	13.08773136138916
benchmarks/C500.9.clq	78	42	9.95582127571106
benchmarks/C500.9.clq	79	43	11.723551750183105
benchmarks/C500.9.clq	80	46	11.801252126693726
benchmarks/C500.9.clq	81	46	10.363507747650146
benchmarks/C500.9.clq	82	43	9.357959985733032
benchmarks/C500.9.clq	83	46	10.8933265209198
benchmarks/C500.9.clq	84	46	11.87170672416687
benchmarks/C500.9.clq	85	45	12.340483903884888
benchmarks/C500.9.clq	86	42	10.795458793640137
benchmarks/C500.9.clq	87	43	9.933764696121216
benchmarks/C500.9.clq	88	44	11.852590322494507
benchmarks/C500.9.clq	89	44	12.627965211868286
benchmarks/C500.9.clq	90	45	11.455697059631348
benchmarks/C500.9.clq	91	49	13.671574592590332
benchmarks/C500.9.clq	92	42	11.646391153335571
benchmarks/C500.9.clq	93	43	12.033103942871094
benchmarks/C500.9.clq	94	44	12.07954716682434
benchmarks/C500.9.clq	95	41	9.8522047996521
benchmarks/C500.9.clq	96	45	11.997544050216675
benchmarks/C500.9.clq	97	41	8.945661306381226
benchmarks/C500.9.clq	98	43	10.493746757507324
benchmarks/C500.9.clq	99	46	12.738938570022583
benchmarks/C500.9.clq	100	43	10.284900665283203
benchmarks/C1000.9.clq	1	54	77.25838160514832
benchmarks/C1000.9.clq	2	53	78.74606990814209
benchmarks/C1000.9.clq	3	51	72.57391810417175
benchmarks/C1000.9.clq	4	53	82.67669725418091
benchmarks/C1000.9.clq	5	52	79.1769630908966
benchmarks/C1000.9.clq	6	54	84.27696323394775
benchmarks/C1000.9.clq	7	53	78.18887281417847
benchmarks/C1000.9.clq	8	54	78.78217148780823
benchmarks/C1000.9.clq	9	53	69.69638729095459
benchmarks/C1000.9.clq	10	54	84.26933336257935
benchmarks/C1000.9.clq	11	52	72.75833678245544
benchmarks/C1000.9.clq	12	51	69.53091669082642
benchmarks/C1000.9.clq	13	52	78.05523109436035
benchmarks/C1000.9.clq	14	53	74.08639764785767
benchmarks/C1000.9.clq	15	56	80.50512552261353
benchmarks/C1000.9.clq	16	50	71.71302533149719
benchmarks/C1000.9.clq	17	54	82.97246885299683
benchmarks/C1000.9.clq	18	55	81.34507727622986
benchmarks/C1000.9.clq	19	51	74.50920724868774
benchmarks/C1000.9.clq	20	48	70.45608568191528
benchmarks/C1000.9.clq	21	50	76.07076215744019
benchmarks/C1000.9.clq	22	48	67.51037120819092
benchmarks/C1000.9.clq	23	50	70.33615350723267
benchmarks/C1000.9.clq	24	56	80.48844337463379
benchmarks/C1000.9.clq	25	53	77.02644443511963
benchmarks/C1000.9.clq	26	51	71.98161792755127
benchmarks/C1000.9.clq	27	53	74.15272235870361
benchmarks/C1000.9.clq	28	52	72.73398900032043
benchmarks/C1000.9.clq	29	53	79.50688910484314
benchmarks/C1000.9.clq	30	51	75.90359425544739
benchmarks/C1000.9.clq	31	50	66.96911215782166
benchmarks/C1000.9.clq	32	54	74.28319525718689
benchmarks/C1000.9.clq	33	51	75.19999599456787
benchmarks/C1000.9.clq	34	53	78.52086997032166
benchmarks/C1000.9.clq	35	48	65.23858189582825
benchmarks/C1000.9.clq	36	50	76.04020476341248
benchmarks/C1000.9.clq	37	54	79.87580609321594
benchmarks/C1000.9.clq	38	49	66.5787091255188
benchmarks/C1000.9.clq	39	53	78.33816885948181
benchmarks/C1000.9.clq	40	52	73.03285264968872
benchmarks/C1000.9.clq	41	50	71.43526220321655
benchmarks/C1000.9.clq	42	51	66.78036451339722
benchmarks/C1000.9.clq	43	50	71.98475527763367
benchmarks/C1000.9.clq	44	52	74.92691540718079
benchmarks/C1000.9.clq	45	50	67.1487352848053
benchmarks/C1000.9.clq	46	54	78.44859147071838
benchmarks/C1000.9.clq	47	52	74.41090250015259
benchmarks/C1000.9.clq	48	53	76.70449471473694
benchmarks/C1000.9.clq	49	52	74.45864009857178
benchmarks/C1000.9.clq	50	55	77.03977608680725
benchmarks/C1000.9.clq	51	51	76.73659944534302
benchmarks/C1000.9.clq	52	52	70.21084189414978
benchmarks/C1000.9.clq	53	52	72.49023985862732
benchmarks/C1000.9.clq	54	53	68.86783599853516
benchmarks/C1000.9.clq	55	52	67.73586201667786
benchmarks/C1000.9.clq	56	51	69.81390595436096
benchmarks/C1000.9.clq	57	51	65.57635259628296
benchmarks/C1000.9.clq	58	51	67.35340213775635
benchmarks/C1000.9.clq	59	48	61.734299182891846
benchmarks/C1000.9.clq	60	50	63.34541583061218
benchmarks/C1000.9.clq	61	50	68.5417902469635
benchmarks/C1000.9.clq	62	53	68.82483530044556
benchmarks/C1000.9.clq	63	51	79.8593156337738
benchmarks/C1000.9.clq	64	52	71.89233541488647
benchmarks/C1000.9.clq	65	54	69.7619640827179
benchmarks/C1000.9.clq	66	53	69.56658911705017
benchmarks/C1000.9.clq	67	54	80.30998682975769
benchmarks/C1000.9.clq	68	53	84.05025720596313
benchmarks/C1000.9.clq	69	52	81.64964509010315
benchmarks/C1000.9.clq	70	54	85.42703056335449
benchmarks/C1000.9.clq	71	51	76.23791217803955
benchmarks/C1000.9.clq	72	50	68.72155380249023
benchmarks/C1000.9.clq	73	53	75.2791383266449
benchmarks/C1000.9.clq	74	52	76.69004487991333
benchmarks/C1000.9.clq	75	50	73.03541159629822
benchmarks/C1000.9.clq	76	52	74.99378442764282
benchmarks/C1000.9.clq	77	54	67.7404317855835
benchmarks/C1000.9.clq	78	52	72.40587902069092
benchmarks/C1000.9.clq	79	51	63.46217632293701
benchmarks/C1000.9.clq	80	48	62.02074861526489
benchmarks/C1000.9.clq	81	51	69.36808800697327
benchmarks/C1000.9.clq	82	53	76.75547504425049
benchmarks/C1000.9.clq	83	54	70.4380271434784
benchmarks/C1000.9.clq	84	52	69.21432399749756
benchmarks/C1000.9.clq	85	56	74.05918407440186
benchmarks/C1000.9.clq	86	54	66.82965111732483
benchmarks/C1000.9.clq	87	52	70.84048795700073
benchmarks/C1000.9.clq	88	51	65.84142732620239
benchmarks/C1000.9.clq	89	52	68.80693316459656
benchmarks/C1000.9.clq	90	54	77.54873538017273
benchmarks/C1000.9.clq	91	51	65.07715606689453
benchmarks/C1000.9.clq	92	51	69.43019580841064
benchmarks/C1000.9.clq	93	53	76.45272421836853
benchmarks/C1000.9.clq	94	50	68.52744793891907
benchmarks/C1000.9.clq	95	54	71.76363372802734
benchmarks/C1000.9.clq	96	51	66.63218927383423
benchmarks/C1000.9.clq	97	55	75.20295190811157
benchmarks/C1000.9.clq	98	50	66.68193411827087
benchmarks/C1000.9.clq	99	48	64.84333443641663
benchmarks/C1000.9.clq	100	52	71.72520351409912
benchmarks/C2000.5.clq	1	12	64.26273798942566
benchmarks/C2000.5.clq	2	13	60.92031645774841
benchmarks/C2000.5.clq	3	12	63.33170533180237
benchmarks/C2000.5.clq	4	12	64.45793390274048
benchmarks/C2000.5.clq	5	13	65.36312913894653
benchmarks/C2000.5.clq	6	13	71.71478199958801
benchmarks/C2000.5.clq	7	12	62.72682809829712
benchmarks/C2000.5.clq	8	11	56.34576082229614
benchmarks/C2000.5.clq	9	11	58.97858190536499
benchmarks/C2000.5.clq	10	13	54.055867195129395
benchmarks/C2000.5.clq	11	11	58.013877868652344
benchmarks/C2000.5.clq	12	13	60.588852405548096
benchmarks/C2000.5.clq	13	12	59.44346761703491
benchmarks/C2000.5.clq	14	11	57.84012484550476
benchmarks/C2000.5.clq	15	14	61.92883515357971
benchmarks/C2000.5.clq	16	11	58.5630087852478
benchmarks/C2000.5.clq	17	12	61.850523948669434
benchmarks/C2000.5.clq	18	12	63.52673101425171
benchmarks/C2000.5.clq	19	12	62.93152570724487
benchmarks/C2000.5.clq	20	12	54.98192501068115
benchmarks/C2000.5.clq	21	12	53.252864360809326
benchmarks/C2000.5.clq	22	11	56.38551068305969
benchmarks/C2000.5.clq	23	13	56.62244987487793
benchmarks/C2000.5.clq	24	13	55.57814884185791
benchmarks/C2000.5.clq	25	12	56.186813831329346
benchmarks/C2000.5.clq	26	13	57.12534141540527
benchmarks/C2000.5.clq	27	11	55.07975149154663
benchmarks/C2000.5.clq	28	14	57.89791822433472
benchmarks/C2000.5.clq	29	13	55.73293328285217
benchmarks/C2000.5.clq	30	12	53.15343451499939
benchmarks/C2000.5.clq	31	12	56.370429039001465
benchmarks/C2000.5.clq	32	12	54.16617250442505
benchmarks/C2000.5.clq	33	13	53.69119906425476
benchmarks/C2000.5.clq	34	11	54.57885766029358
benchmarks/C2000.5.clq	35	12	55.44398760795593
benchmarks/C2000.5.clq	36	12	54.99165058135986
benchmarks/C2000.5.clq	37	12	55.53105139732361
benchmarks/C2000.5.clq	38	13	56.77605986595154
benchmarks/C2000.5.clq	39	11	54.764440298080444
benchmarks/C2000.5.clq	40	13	59.42009353637695
benchmarks/C2000.5.clq	41	11	53.06544017791748
benchmarks/C2000.5.clq	42	12	54.56017255783081
benchmarks/C2000.5.clq	43	11	52.254708766937256
benchmarks/C2000.5.clq	44	11	53.05573320388794
benchmarks/C2000.5.clq	45	11	61.195512533187866
benchmarks/C2000.5.clq	46	12	69.02554821968079
benchmarks/C2000.5.clq	47	12	69.69739437103271
benchmarks/C2000.5.clq	48	12	69.94474124908447
benchmarks/C2000.5.clq	49	12	62.3335976600647
benchmarks/C2000.5.clq	50	13	63.829657554626465
benchmarks/C2000.5.clq	51	12	69.61445188522339
benchmarks/C2000.5.clq	52	13	65.27094554901123
benchmarks/C2000.5.clq	53	12	63.84133505821228
benchmarks/C2000.5.clq	54	12	62.79100751876831
benchmarks/C2000.5.clq	55	11	68.3761830329895
benchmarks/C2000.5.clq	56	12	72.31591606140137
benchmarks/C2000.5.clq	57	12	69.94176077842712
benchmarks/C2000.5.clq	58	14	69.00387501716614
benchmarks/C2000.5.clq	59	11	66.96052837371826
benchmarks/C2000.5.clq	60	12	60.90130591392517
benchmarks/C2000.5.clq	61	14	65.49792623519897
benchmarks/C2000.5.clq	62	13	64.83630180358887
benchmarks/C2000.5.clq	63	13	64.51316356658936
benchmarks/C2000.5.clq	64	13	65.42131614685059
benchmarks/C2000.5.clq	65	11	60.55376839637756
benchmarks/C2000.5.clq	66	12	63.026848554611206
benchmarks/C2000.5.clq	67	13	66.15648674964905
benchmarks/C2000.5.clq	68	12	65.76641726493835
benchmarks/C2000.5.clq	69	12	67.71528720855713
benchmarks/C2000.5.clq	70	12	61.16788101196289
benchmarks/C2000.5.clq	71	14	67.38961505889893
benchmarks/C2000.5.clq	72	12	65.07497310638428
benchmarks/C2000.5.clq	73	11	64.50178456306458
benchmarks/C2000.5.clq	74	12	66.63906812667847
benchmarks/C2000.5.clq	75	12	65.1931529045105
benchmarks/C2000.5.clq	76	11	64.34012818336487
benchmarks/C2000.5.clq	77	12	64.66943335533142
benchmarks/C2000.5.clq	78	13	66.1450834274292
benchmarks/C2000.5.clq	79	12	66.09628057479858
benchmarks/C2000.5.clq	80	13	67.84548687934875
benchmarks/C2000.5.clq	81	12	67.89908719062805
benchmarks/C2000.5.clq	82	13	65.04208135604858
benchmarks/C2000.5.clq	83	13	68.00989389419556
benchmarks/C2000.5.clq	84	12	67.95306444168091
benchmarks/C2000.5.clq	85	12	68.76813650131226
benchmarks/C2000.5.clq	86	12	65.30406308174133
benchmarks/C2000.5.clq	87	13	64.24753284454346
benchmarks/C2000.5.clq	88	12	59.23236560821533
benchmarks/C2000.5.clq	89	11	61.63657808303833
benchmarks/C2000.5.clq	90	12	64.16235208511353
benchmarks/C2000.5.clq	91	13	68.83421897888184
benchmarks/C2000.5.clq	92	13	69.4485194683075
benchmarks/C2000.5.clq	93	13	63.854137897491455
benchmarks/C2000.5.clq	94	12	58.959367990493774
benchmarks/C2000.5.clq	95	13	60.319454193115234
benchmarks/C2000.5.clq	96	11	60.38072967529297
benchmarks/C2000.5.clq	97	12	66.39733147621155
benchmarks/C2000.5.clq	98	12	68.35755610466003
benchmarks/C2000.5.clq	99	13	67.07322359085083
benchmarks/C2000.5.clq	100	11	59.938379526138306
benchmarks/C2000.9.clq	1	55	470.0553276538849
benchmarks/C2000.9.clq	2	62	483.4272322654724
benchmarks/C2000.9.clq	3	58	477.75732803344727
benchmarks/C2000.9.clq	4	60	528.4919011592865
benchmarks/C2000.9.clq	5	63	540.9581582546234
benchmarks/C2000.9.clq	6	57	456.0767557621002
benchmarks/C2000.9.clq	7	62	489.22622656822205
benchmarks/C2000.9.clq	8	56	486.9029948711395
benchmarks/C2000.9.clq	9	60	498.4728043079376
benchmarks/C2000.9.clq	10	59	461.60126519203186
benchmarks/C2000.9.clq	11	56	462.0986211299896
benchmarks/C2000.9.clq	12	57	533.3295986652374
benchmarks/C2000.9.clq	13	62	619.4240810871124
benchmarks/C2000.9.clq	14	60	555.1254425048828
benchmarks/C2000.9.clq	15	59	500.4812755584717
benchmarks/C2000.9.clq	16	58	487.7878680229187
benchmarks/C2000.9.clq	17	56	456.9708411693573
benchmarks/C2000.9.clq	18	57	490.0742325782776
benchmarks/C2000.9.clq	19	61	501.99569034576416
benchmarks/C2000.9.clq	20	60	513.0008356571198
benchmarks/C2000.9.clq	21	59	523.4774885177612
benchmarks/C2000.9.clq	22	57	478.0589463710785
benchmarks/C2000.9.clq	23	63	558.1451766490936
benchmarks/C2000.9.clq	24	56	493.60424733161926
benchmarks/C2000.9.clq	25	58	520.4140341281891
benchmarks/C2000.9.clq	26	57	466.5632209777832
benchmarks/C2000.9.clq	27	62	510.51032638549805
benchmarks/C2000.9.clq	28	57	490.2656617164612
benchmarks/C2000.9.clq	29	60	505.2483265399933
benchmarks/C2000.9.clq	30	60	503.19356060028076
benchmarks/C2000.9.clq	31	60	505.3678934574127
benchmarks/C2000.9.clq	32	60	554.8780951499939
benchmarks/C2000.9.clq	33	61	526.8337287902832
benchmarks/C2000.9.clq	34	58	483.86860370635986
benchmarks/C2000.9.clq	35	56	459.28649950027466
benchmarks/C2000.9.clq	36	61	500.99996972084045
benchmarks/C2000.9.clq	37	58	476.3183946609497
benchmarks/C2000.9.clq	38	56	510.29307413101196
benchmarks/C2000.9.clq	39	60	532.1505706310272
benchmarks/C2000.9.clq	40	60	533.152336359024
benchmarks/C2000.9.clq	41	58	486.1034185886383
benchmarks/C2000.9.clq	42	56	475.26623940467834
benchmarks/C2000.9.clq	43	57	510.2536451816559
benchmarks/C2000.9.clq	44	59	517.177817106247
benchmarks/C2000.9.clq	45	60	488.97609853744507
benchmarks/C2000.9.clq	46	58	513.43474650383
benchmarks/C2000.9.clq	47	60	491.29315853118896
benchmarks/C2000.9.clq	48	58	499.957421541214
benchmarks/C2000.9.clq	49	56	466.3904495239258
benchmarks/C2000.9.clq	50	58	475.55754137039185
benchmarks/C2000.9.clq	51	62	498.6810202598572
benchmarks/C2000.9.clq	52	60	496.29118299484253
benchmarks/C2000.9.clq	53	63	567.5538837909698
benchmarks/C2000.9.clq	54	61	523.5013754367828
benchmarks/C2000.9.clq	55	63	558.9098792076111
benchmarks/C2000.9.clq	56	61	528.6025490760803
benchmarks/C2000.9.clq	57	58	497.3638231754303
benchmarks/C2000.9.clq	58	60	502.9674265384674
benchmarks/C2000.9.clq	59	59	512.4690823554993
benchmarks/C2000.9.clq	60	56	459.25503277778625
benchmarks/C2000.9.clq	61	62	489.47491121292114
benchmarks/C2000.9.clq	62	57	464.15505027770996
benchmarks/C2000.9.clq	63	57	473.55144810676575
benchmarks/C2000.9.clq	64	58	475.3136818408966
benchmarks/C2000.9.clq	65	57	474.9282250404358
benchmarks/C2000.9.clq	66	60	524.6279218196869
benchmarks/C2000.9.clq	67	57	459.78350353240967
benchmarks/C2000.9.clq	68	55	471.4924805164337
benchmarks/C2000.9.clq	69	54	458.0897762775421
benchmarks/C2000.9.clq	70	61	546.6834695339203
benchmarks/C2000.9.clq	71	60	523.7837119102478
benchmarks/C2000.9.clq	72	57	484.3664789199829
benchmarks/C2000.9.clq	73	58	493.8735921382904
benchmarks/C2000.9.clq	74	59	480.0255608558655
benchmarks/C2000.9.clq	75	60	496.13651752471924
benchmarks/C2000.9.clq	76	57	477.9895770549774
benchmarks/C2000.9.clq	77	61	469.9225914478302
benchmarks/C2000.9.clq	78	56	455.9754433631897
benchmarks/C2000.9.clq	79	57	487.00082063674927
benchmarks/C2000.9.clq	80	56	489.88822722435
benchmarks/C2000.9.clq	81	62	506.0495080947876
benchmarks/C2000.9.clq	82	57	486.5790753364563
benchmarks/C2000.9.clq	83	58	504.6704890727997
benchmarks/C2000.9.clq	84	59	497.6843111515045
benchmarks/C2000.9.clq	85	61	646.5767495632172
benchmarks/C2000.9.clq	86	59	622.5655786991119
benchmarks/C2000.9.clq	87	62	621.5877799987793
benchmarks/C2000.9.clq	88	63	630.3895542621613
benchmarks/C2000.9.clq	89	61	629.7857074737549
benchmarks/C2000.9.clq	90	60	577.3972904682159
benchmarks/C2000.9.clq	91	60	609.6815824508667
benchmarks/C2000.9.clq	92	60	556.4471707344055
benchmarks/C2000.9.clq	93	59	607.8163020610809
benchmarks/C2000.9.clq	94	59	579.5132267475128
benchmarks/C2000.9.clq	95	57	554.8290176391602
benchmarks/C2000.9.clq	96	59	588.524740934372
benchmarks/C2000.9.clq	97	60	607.1356954574585
benchmarks/C2000.9.clq	98	59	583.5129883289337
benchmarks/C2000.9.clq	99	63	623.6499645709991
benchmarks/C2000.9.clq	100	60	548.3125283718109
benchmarks/p_hat300-1.clq	1	6	0.25130558013916016
benchmarks/p_hat300-1.clq	2	6	0.22975373268127441
benchmarks/p_hat300-1.clq	3	6	0.2815101146697998
benchmarks/p_hat300-1.clq	4	7	0.26293420791625977
benchmarks/p_hat300-1.clq	5	6	0.2833528518676758
benchmarks/p_hat300-1.clq	6	6	0.27951693534851074
benchmarks/p_hat300-1.clq	7	7	0.2545177936553955
benchmarks/p_hat300-1.clq	8	6	0.26033782958984375
benchmarks/p_hat300-1.clq	9	7	0.28005313873291016
benchmarks/p_hat300-1.clq	10	7	0.2582125663757324
benchmarks/p_hat300-1.clq	11	6	0.30835843086242676
benchmarks/p_hat300-1.clq	12	6	0.25488805770874023
benchmarks/p_hat300-1.clq	13	5	0.2581965923309326
benchmarks/p_hat300-1.clq	14	5	0.24807143211364746
benchmarks/p_hat300-1.clq	15	6	0.34505486488342285
benchmarks/p_hat300-1.clq	16	6	0.2691164016723633
benchmarks/p_hat300-1.clq	17	6	0.2702934741973877
benchmarks/p_hat300-1.clq	18	5	0.24008703231811523
benchmarks/p_hat300-1.clq	19	6	0.26180315017700195
benchmarks/p_hat300-1.clq	20	6	0.250457763671875
benchmarks/p_hat300-1.clq	21	6	0.2322072982788086
benchmarks/p_hat300-1.clq	22	6	0.2535390853881836
benchmarks/p_hat300-1.clq	23	6	0.25799059867858887
benchmarks/p_hat300-1.clq	24	6	0.2456650733947754
benchmarks/p_hat300-1.clq	25	7	0.2355635166168213
benchmarks/p_hat300-1.clq	26	7	0.22080111503601074
benchmarks/p_hat300-1.clq	27	5	0.18394231796264648
benchmarks/p_hat300-1.clq	28	7	0.2265632152557373
benchmarks/p_hat300-1.clq	29	7	0.22637677192687988
benchmarks/p_hat300-1.clq	30	6	0.18798446655273438
benchmarks/p_hat300-1.clq	31	6	0.20799493789672852
benchmarks/p_hat300-1.clq	32	7	0.268632173538208
benchmarks/p_hat300-1.clq	33	7	0.2587242126464844
benchmarks/p_hat300-1.clq	34	5	0.25509047508239746
benchmarks/p_hat300-1.clq	35	6	0.2586202621459961
benchmarks/p_hat300-1.clq	36	7	0.28136229515075684
benchmarks/p_hat300-1.clq	37	6	0.25294041633605957
benchmarks/p_hat300-1.clq	38	6	0.2705111503601074
benchmarks/p_hat300-1.clq	39	8	0.3207519054412842
benchmarks/p_hat300-1.clq	40	6	0.2718222141265869
benchmarks/p_hat300-1.clq	41	6	0.2961554527282715
benchmarks/p_hat300-1.clq	42	7	0.2887258529663086
benchmarks/p_hat300-1.clq	43	6	0.2457427978515625
benchmarks/p_hat300-1.clq	44	7	0.28023719787597656
benchmarks/p_hat300-1.clq	45	6	0.27175164222717285
benchmarks/p_hat300-1.clq	46	6	0.246429443359375
benchmarks/p_hat300-1.clq	47	6	0.2758290767669678
benchmarks/p_hat300-1.clq	48	6	0.26247620582580566
benchmarks/p_hat300-1.clq	49	6	0.2293074131011963
benchmarks/p_hat300-1.clq	50	6	0.20880818367004395
benchmarks/p_hat300-1.clq	51	5	0.2254195213317871
benchmarks/p_hat300-1.clq	52	6	0.2262277603149414
benchmarks/p_hat300-1.clq	53	5	0.2226884365081787
benchmarks/p_hat300-1.clq	54	6	0.21197509765625
benchmarks/p_hat300-1.clq	55	6	0.2142035961151123
benchmarks/p_hat300-1.clq	56	6	0.23183059692382812
benchmarks/p_hat300-1.clq	57	7	0.22683358192443848
benchmarks/p_hat300-1.clq	58	6	0.23423480987548828
benchmarks/p_hat300-1.clq	59	6	0.21779656410217285
benchmarks/p_hat300-1.clq	60	6	0.22073101997375488
benchmarks/p_hat300-1.clq	61	6	0.326387882232666
benchmarks/p_hat300-1.clq	62	6	0.27191758155822754
benchmarks/p_hat300-1.clq	63	6	0.40566563606262207
benchmarks/p_hat300-1.clq	64	7	0.5629353523254395
benchmarks/p_hat300-1.clq	65	6	0.42463183403015137
benchmarks/p_hat300-1.clq	66	7	0.3448657989501953
benchmarks/p_hat300-1.clq	67	6	0.333115816116333
benchmarks/p_hat300-1.clq	68	6	0.2914772033691406
benchmarks/p_hat300-1.clq	69	6	0.2979414463043213
benchmarks/p_hat300-1.clq	70	6	0.3243556022644043
benchmarks/p_hat300-1.clq	71	6	0.2750687599182129
benchmarks/p_hat300-1.clq	72	7	0.30131959915161133
benchmarks/p_hat300-1.clq	73	6	0.26538538932800293
benchmarks/p_hat300-1.clq	74	7	0.26271724700927734
benchmarks/p_hat300-1.clq	75	6	0.24758553504943848
benchmarks/p_hat300-1.clq	76	5	0.23136258125305176
benchmarks/p_hat300-1.clq	77	6	0.23560309410095215
benchmarks/p_hat300-1.clq	78	6	0.272463321685791
benchmarks/p_hat300-1.clq	79	7	0.2631809711456299
benchmarks/p_hat300-1.clq	80	7	0.283463716506958
benchmarks/p_hat300-1.clq	81	5	0.22727322578430176
benchmarks/p_hat300-1.clq	82	5	0.24334168434143066
benchmarks/p_hat300-1.clq	83	6	0.2127842903137207
benchmarks/p_hat300-1.clq	84	6	0.22595882415771484
benchmarks/p_hat300-1.clq	85	6	0.21420550346374512
benchmarks/p_hat300-1.clq	86	7	0.21349191665649414
benchmarks/p_hat300-1.clq	87	6	0.2031261920928955
benchmarks/p_hat300-1.clq	88	6	0.21129918098449707
benchmarks/p_hat300-1.clq	89	6	0.21836185455322266
benchmarks/p_hat300-1.clq	90	5	0.2311239242553711
benchmarks/p_hat300-1.clq	91	7	0.261136531829834
benchmarks/p_hat300-1.clq	92	6	0.27969813346862793
benchmarks/p_hat300-1.clq	93	7	0.2996697425842285
benchmarks/p_hat300-1.clq	94	6	0.25638365745544434
benchmarks/p_hat300-1.clq	95	6	0.2695004940032959
benchmarks/p_hat300-1.clq	96	6	0.23440122604370117
benchmarks/p_hat300-1.clq	97	7	0.2779984474182129
benchmarks/p_hat300-1.clq	98	8	0.24704694747924805
benchmarks/p_hat300-1.clq	99	6	0.2715935707092285
benchmarks/p_hat300-1.clq	100	6	0.2585256099700928
benchmarks/p_hat300-2.clq	1	18	0.6803557872772217
benchmarks/p_hat300-2.clq	2	17	0.6864669322967529
benchmarks/p_hat300-2.clq	3	22	1.0537593364715576
benchmarks/p_hat300-2.clq	4	19	0.8807485103607178
benchmarks/p_hat300-2.clq	5	21	0.9672987461090088
benchmarks/p_hat300-2.clq	6	22	0.99615478515625
benchmarks/p_hat300-2.clq	7	22	1.0668411254882812
benchmarks/p_hat300-2.clq	8	22	1.0410456657409668
benchmarks/p_hat300-2.clq	9	20	0.8991107940673828
benchmarks/p_hat300-2.clq	10	18	0.8706467151641846
benchmarks/p_hat300-2.clq	11	17	0.7629880905151367
benchmarks/p_hat300-2.clq	12	20	0.9261696338653564
benchmarks/p_hat300-2.clq	13	20	0.9866998195648193
benchmarks/p_hat300-2.clq	14	23	1.148148536682129
benchmarks/p_hat300-2.clq	15	17	0.7728614807128906
benchmarks/p_hat300-2.clq	16	16	0.6828453540802002
benchmarks/p_hat300-2.clq	17	17	0.8579096794128418
benchmarks/p_hat300-2.clq	18	19	0.8672125339508057
benchmarks/p_hat300-2.clq	19	16	0.7722845077514648
benchmarks/p_hat300-2.clq	20	18	0.8090987205505371
benchmarks/p_hat300-2.clq	21	17	0.7697346210479736
benchmarks/p_hat300-2.clq	22	21	0.9462587833404541
benchmarks/p_hat300-2.clq	23	15	0.7072124481201172
benchmarks/p_hat300-2.clq	24	21	0.9091308116912842
benchmarks/p_hat300-2.clq	25	19	0.8997633457183838
benchmarks/p_hat300-2.clq	26	21	0.9707221984863281
benchmarks/p_hat300-2.clq	27	19	0.9470911026000977
benchmarks/p_hat300-2.clq	28	18	0.8096749782562256
benchmarks/p_hat300-2.clq	29	20	0.9523565769195557
benchmarks/p_hat300-2.clq	30	22	1.0495316982269287
benchmarks/p_hat300-2.clq	31	20	0.910172700881958
benchmarks/p_hat300-2.clq	32	19	0.8693118095397949
benchmarks/p_hat300-2.clq	33	22	1.038771390914917
benchmarks/p_hat300-2.clq	34	21	0.9427371025085449
benchmarks/p_hat300-2.clq	35	22	1.0316550731658936
benchmarks/p_hat300-2.clq	36	20	0.9385170936584473
benchmarks/p_hat300-2.clq	37	20	0.9586164951324463
benchmarks/p_hat300-2.clq	38	23	1.0441668033599854
benchmarks/p_hat300-2.clq	39	17	0.7796084880828857
benchmarks/p_hat300-2.clq	40	19	0.864013671875
benchmarks/p_hat300-2.clq	41	23	1.059358835220337
benchmarks/p_hat300-2.clq	42	20	0.9215848445892334
benchmarks/p_hat300-2.clq	43	22	1.013176679611206
benchmarks/p_hat300-2.clq	44	19	0.8450758457183838
benchmarks/p_hat300-2.clq	45	17	0.806342601776123
benchmarks/p_hat300-2.clq	46	23	1.0484201908111572
benchmarks/p_hat300-2.clq	47	20	1.0098228454589844
benchmarks/p_hat300-2.clq	48	22	0.9218723773956299
benchmarks/p_hat300-2.clq	49	22	0.8536264896392822
benchmarks/p_hat300-2.clq	50	20	0.9584598541259766
benchmarks/p_hat300-2.clq	51	19	0.945974588394165
benchmarks/p_hat300-2.clq	52	20	0.9286234378814697
benchmarks/p_hat300-2.clq	53	17	0.7696247100830078
benchmarks/p_hat300-2.clq	54	19	0.8929543495178223
benchmarks/p_hat300-2.clq	55	22	1.0363850593566895
benchmarks/p_hat300-2.clq	56	21	0.9976398944854736
benchmarks/p_hat300-2.clq	57	21	1.0277278423309326
benchmarks/p_hat300-2.clq	58	20	0.9240119457244873
benchmarks/p_hat300-2.clq	59	15	0.6993024349212646
benchmarks/p_hat300-2.clq	60	24	0.9861526489257812
benchmarks/p_hat300-2.clq	61	14	0.5178329944610596
benchmarks/p_hat300-2.clq	62	19	0.83583664894104
benchmarks/p_hat300-2.clq	63	18	0.8633651733398438
benchmarks/p_hat300-2.clq	64	22	1.073366403579712
benchmarks/p_hat300-2.clq	65	23	1.0990686416625977
benchmarks/p_hat300-2.clq	66	21	0.944429874420166
benchmarks/p_hat300-2.clq	67	20	0.9903850555419922
benchmarks/p_hat300-2.clq	68	17	0.7460064888000488
benchmarks/p_hat300-2.clq	69	19	0.8802714347839355
benchmarks/p_hat300-2.clq	70	20	0.8994817733764648
benchmarks/p_hat300-2.clq	71	23	0.8929026126861572
benchmarks/p_hat300-2.clq	72	22	0.9883308410644531
benchmarks/p_hat300-2.clq	73	20	0.9653568267822266
benchmarks/p_hat300-2.clq	74	18	0.8458147048950195
benchmarks/p_hat300-2.clq	75	18	0.8828179836273193
benchmarks/p_hat300-2.clq	76	21	0.9935410022735596
benchmarks/p_hat300-2.clq	77	20	0.9527125358581543
benchmarks/p_hat300-2.clq	78	22	1.085852861404419
benchmarks/p_hat300-2.clq	79	20	0.998032808303833
benchmarks/p_hat300-2.clq	80	24	1.2562551498413086
benchmarks/p_hat300-2.clq	81	16	0.7786984443664551
benchmarks/p_hat300-2.clq	82	19	0.880662202835083
benchmarks/p_hat300-2.clq	83	19	0.8925681114196777
benchmarks/p_hat300-2.clq	84	16	0.7761800289154053
benchmarks/p_hat300-2.clq	85	22	1.002901315689087
benchmarks/p_hat300-2.clq	86	21	0.9405086040496826
benchmarks/p_hat300-2.clq	87	18	0.6641919612884521
benchmarks/p_hat300-2.clq	88	21	0.8166508674621582
benchmarks/p_hat300-2.clq	89	21	0.9668262004852295
benchmarks/p_hat300-2.clq	90	16	0.7622904777526855
benchmarks/p_hat300-2.clq	91	17	0.8540549278259277
benchmarks/p_hat300-2.clq	92	21	1.056976079940796
benchmarks/p_hat300-2.clq	93	19	0.8746066093444824
benchmarks/p_hat300-2.clq	94	19	0.8456211090087891
benchmarks/p_hat300-2.clq	95	20	0.9586875438690186
benchmarks/p_hat300-2.clq	96	18	0.8490362167358398
benchmarks/p_hat300-2.clq	97	21	0.9192788600921631
benchmarks/p_hat300-2.clq	98	21	0.8004899024963379
benchmarks/p_hat300-2.clq	99	20	0.812232494354248
benchmarks/p_hat300-2.clq	100	20	0.9286084175109863
benchmarks/p_hat300-3.clq	1	21	1.0881519317626953
benchmarks/p_hat300-3.clq	2	25	1.2768678665161133
benchmarks/p_hat300-3.clq	3	30	1.4555296897888184
benchmarks/p_hat300-3.clq	4	25	1.431483268737793
benchmarks/p_hat300-3.clq	5	30	1.6724119186401367
benchmarks/p_hat300-3.clq	6	29	1.4385449886322021
benchmarks/p_hat300-3.clq	7	29	1.7571897506713867
benchmarks/p_hat300-3.clq	8	28	1.5510189533233643
benchmarks/p_hat300-3.clq	9	30	1.8535864353179932
benchmarks/p_hat300-3.clq	10	27	1.2164671421051025
benchmarks/p_hat300-3.clq	11	27	1.5878777503967285
benchmarks/p_hat300-3.clq	12	27	1.601813554763794
benchmarks/p_hat300-3.clq	13	32	1.5454208850860596
benchmarks/p_hat300-3.clq	14	29	1.6233413219451904
benchmarks/p_hat300-3.clq	15	21	1.0797743797302246
benchmarks/p_hat300-3.clq	16	30	2.1059834957122803
benchmarks/p_hat300-3.clq	17	27	1.465012788772583
benchmarks/p_hat300-3.clq	18	29	2.175414562225342
benchmarks/p_hat300-3.clq	19	29	1.8704428672790527
benchmarks/p_hat300-3.clq	20	26	1.4298827648162842
benchmarks/p_hat300-3.clq	21	28	1.9346864223480225
benchmarks/p_hat300-3.clq	22	28	1.9899401664733887
benchmarks/p_hat300-3.clq	23	27	1.891988754272461
benchmarks/p_hat300-3.clq	24	29	1.802687644958496
benchmarks/p_hat300-3.clq	25	29	2.030176877975464
benchmarks/p_hat300-3.clq	26	29	1.9753806591033936
benchmarks/p_hat300-3.clq	27	32	2.1998000144958496
benchmarks/p_hat300-3.clq	28	28	1.6835551261901855
benchmarks/p_hat300-3.clq	29	26	1.5541467666625977
benchmarks/p_hat300-3.clq	30	30	2.1115782260894775
benchmarks/p_hat300-3.clq	31	30	1.8382182121276855
benchmarks/p_hat300-3.clq	32	28	1.7661900520324707
benchmarks/p_hat300-3.clq	33	24	1.3911280632019043
benchmarks/p_hat300-3.clq	34	33	2.3603599071502686
benchmarks/p_hat300-3.clq	35	29	1.8377625942230225
benchmarks/p_hat300-3.clq	36	24	1.4079091548919678
benchmarks/p_hat300-3.clq	37	28	1.869823932647705
benchmarks/p_hat300-3.clq	38	30	1.8876183032989502
benchmarks/p_hat300-3.clq	39	29	1.9676103591918945
benchmarks/p_hat300-3.clq	40	29	1.65407133102417
benchmarks/p_hat300-3.clq	41	29	1.8060903549194336
benchmarks/p_hat300-3.clq	42	28	1.7450811862945557
benchmarks/p_hat300-3.clq	43	28	1.7771244049072266
benchmarks/p_hat300-3.clq	44	28	1.5943267345428467
benchmarks/p_hat300-3.clq	45	29	1.9494500160217285
benchmarks/p_hat300-3.clq	46	30	1.7656381130218506
benchmarks/p_hat300-3.clq	47	27	1.7017288208007812
benchmarks/p_hat300-3.clq	48	30	1.9900705814361572
benchmarks/p_hat300-3.clq	49	28	1.710517168045044
benchmarks/p_hat300-3.clq	50	28	1.707423210144043
benchmarks/p_hat300-3.clq	51	27	1.4979016780853271
benchmarks/p_hat300-3.clq	52	25	1.4069082736968994
benchmarks/p_hat300-3.clq	53	28	1.7345209121704102
benchmarks/p_hat300-3.clq	54	27	1.8737051486968994
benchmarks/p_hat300-3.clq	55	28	1.651886224746704
benchmarks/p_hat300-3.clq	56	26	1.6104462146759033
benchmarks/p_hat300-3.clq	57	25	1.5360383987426758
benchmarks/p_hat300-3.clq	58	28	1.834177017211914
benchmarks/p_hat300-3.clq	59	29	1.9433684349060059
benchmarks/p_hat300-3.clq	60	29	2.011268138885498
benchmarks/p_hat300-3.clq	61	28	1.7967300415039062
benchmarks/p_hat300-3.clq	62	27	1.6413323879241943
benchmarks/p_hat300-3.clq	63	27	1.4056589603424072
benchmarks/p_hat300-3.clq	64	29	1.8339884281158447
benchmarks/p_hat300-3.clq	65	29	1.540802240371704
benchmarks/p_hat300-3.clq	66	29	1.800865888595581
benchmarks/p_hat300-3.clq	67	29	1.9209117889404297
benchmarks/p_hat300-3.clq	68	30	1.4880342483520508
benchmarks/p_hat300-3.clq	69	27	1.4621837139129639
benchmarks/p_hat300-3.clq	70	28	1.6610350608825684
benchmarks/p_hat300-3.clq	71	27	1.2312061786651611
benchmarks/p_hat300-3.clq	72	30	2.056652784347534
benchmarks/p_hat300-3.clq	73	29	1.7119402885437012
benchmarks/p_hat300-3.clq	74	27	1.4084618091583252
benchmarks/p_hat300-3.clq	75	26	1.710139274597168
benchmarks/p_hat300-3.clq	76	33	1.9146406650543213
benchmarks/p_hat300-3.clq	77	25	1.4042222499847412
benchmarks/p_hat300-3.clq	78	24	1.2286803722381592
benchmarks/p_hat300-3.clq	79	30	1.818129539489746
benchmarks/p_hat300-3.clq	80	31	1.6671271324157715
benchmarks/p_hat300-3.clq	81	29	1.569800615310669
benchmarks/p_hat300-3.clq	82	30	1.868098497390747
benchmarks/p_hat300-3.clq	83	24	1.2018160820007324
benchmarks/p_hat300-3.clq	84	31	2.022663116455078
benchmarks/p_hat300-3.clq	85	34	2.3569424152374268
benchmarks/p_hat300-3.clq	86	26	1.236508846282959
benchmarks/p_hat300-3.clq	87	25	1.5426580905914307
benchmarks/p_hat300-3.clq	88	30	1.7358057498931885
benchmarks/p_hat300-3.clq	89	27	1.6395890712738037
benchmarks/p_hat300-3.clq	90	24	1.091266393661499
benchmarks/p_hat300-3.clq	91	31	1.7277140617370605
benchmarks/p_hat300-3.clq	92	24	1.118917465209961
benchmarks/p_hat300-3.clq	93	26	1.2895045280456543
benchmarks/p_hat300-3.clq	94	25	1.4426469802856445
benchmarks/p_hat300-3.clq	95	29	1.5449683666229248
benchmarks/p_hat300-3.clq	96	28	1.7038905620574951
benchmarks/p_hat300-3.clq	97	24	1.2701523303985596
benchmarks/p_hat300-3.clq	98	28	1.8386585712432861
benchmarks/p_hat300-3.clq	99	30	1.8198771476745605
benchmarks/p_hat300-3.clq	100	22	1.1701266765594482
benchmarks/p_hat700-1.clq	1	9	1.7512574195861816
benchmarks/p_hat700-1.clq	2	8	2.0146706104278564
benchmarks/p_hat700-1.clq	3	8	1.8164472579956055
benchmarks/p_hat700-1.clq	4	7	2.042301654815674
benchmarks/p_hat700-1.clq	5	8	1.521477460861206
benchmarks/p_hat700-1.clq	6	7	1.6232600212097168
benchmarks/p_hat700-1.clq	7	7	1.768472671508789
benchmarks/p_hat700-1.clq	8	7	1.7438273429870605
benchmarks/p_hat700-1.clq	9	7	1.7389779090881348
benchmarks/p_hat700-1.clq	10	7	1.9717199802398682
benchmarks/p_hat700-1.clq	11	6	1.8573977947235107
benchmarks/p_hat700-1.clq	12	7	1.6523449420928955
benchmarks/p_hat700-1.clq	13	6	1.812990427017212
benchmarks/p_hat700-1.clq	14	8	1.609095573425293
benchmarks/p_hat700-1.clq	15	7	1.943483591079712
benchmarks/p_hat700-1.clq	16	6	1.8226466178894043
benchmarks/p_hat700-1.clq	17	8	2.0141873359680176
benchmarks/p_hat700-1.clq	18	7	1.7382419109344482
benchmarks/p_hat700-1.clq	19	8	1.9342350959777832
benchmarks/p_hat700-1.clq	20	6	1.9109773635864258
benchmarks/p_hat700-1.clq	21	6	1.7312586307525635
benchmarks/p_hat700-1.clq	22	8	2.0851433277130127
benchmarks/p_hat700-1.clq	23	9	1.586116075515747
benchmarks/p_hat700-1.clq	24	6	1.8289844989776611
benchmarks/p_hat700-1.clq	25	7	1.975297212600708
benchmarks/p_hat700-1.clq	26	6	1.8906042575836182
benchmarks/p_hat700-1.clq	27	7	1.7545647621154785
benchmarks/p_hat700-1.clq	28	8	2.0633208751678467
benchmarks/p_hat700-1.clq	29	7	1.6439311504364014
benchmarks/p_hat700-1.clq	30	8	2.07399582862854
benchmarks/p_hat700-1.clq	31	7	1.982757329940796
benchmarks/p_hat700-1.clq	32	8	1.826430082321167
benchmarks/p_hat700-1.clq	33	7	1.8803887367248535
benchmarks/p_hat700-1.clq	34	8	1.8811945915222168
benchmarks/p_hat700-1.clq	35	7	1.935251235961914
benchmarks/p_hat700-1.clq	36	8	2.138493061065674
benchmarks/p_hat700-1.clq	37	7	1.9867844581604004
benchmarks/p_hat700-1.clq	38	6	1.927903413772583
benchmarks/p_hat700-1.clq	39	7	1.9882018566131592
benchmarks/p_hat700-1.clq	40	8	1.6729977130889893
benchmarks/p_hat700-1.clq	41	7	1.9312996864318848
benchmarks/p_hat700-1.clq	42	7	1.788271427154541
benchmarks/p_hat700-1.clq	43	7	1.9840030670166016
benchmarks/p_hat700-1.clq	44	6	1.8645634651184082
benchmarks/p_hat700-1.clq	45	7	1.8546154499053955
benchmarks/p_hat700-1.clq	46	6	1.7888188362121582
benchmarks/p_hat700-1.clq	47	9	1.7077736854553223
benchmarks/p_hat700-1.clq	48	8	1.9239563941955566
benchmarks/p_hat700-1.clq	49	7	1.9600918292999268
benchmarks/p_hat700-1.clq	50	7	2.0765249729156494
benchmarks/p_hat700-1.clq	51	7	1.870208740234375
benchmarks/p_hat700-1.clq	52	6	2.044766426086426
benchmarks/p_hat700-1.clq	53	8	1.7849183082580566
benchmarks/p_hat700-1.clq	54	6	1.7790477275848389
benchmarks/p_hat700-1.clq	55	6	1.6368319988250732
benchmarks/p_hat700-1.clq	56	8	2.1434404850006104
benchmarks/p_hat700-1.clq	57	6	1.5645525455474854
benchmarks/p_hat700-1.clq	58	8	2.0765676498413086
benchmarks/p_hat700-1.clq	59	7	2.2081069946289062
benchmarks/p_hat700-1.clq	60	7	2.158663034439087
benchmarks/p_hat700-1.clq	61	7	2.1416983604431152
benchmarks/p_hat700-1.clq	62	8	2.0463666915893555
benchmarks/p_hat700-1.clq	63	7	2.188333511352539
benchmarks/p_hat700-1.clq	64	8	2.0184082984924316
benchmarks/p_hat700-1.clq	65	8	2.095431327819824
benchmarks/p_hat700-1.clq	66	8	2.071232795715332
benchmarks/p_hat700-1.clq	67	7	1.9316458702087402
benchmarks/p_hat700-1.clq	68	9	1.8137664794921875
benchmarks/p_hat700-1.clq	69	7	2.1264748573303223
benchmarks/p_hat700-1.clq	70	7	2.076242208480835
benchmarks/p_hat700-1.clq	71	8	1.958636999130249
benchmarks/p_hat700-1.clq	72	7	1.7766830921173096
benchmarks/p_hat700-1.clq	73	7	2.1804542541503906
benchmarks/p_hat700-1.clq	74	7	2.071441411972046
benchmarks/p_hat700-1.clq	75	8	1.9680354595184326
benchmarks/p_hat700-1.clq	76	8	1.9987375736236572
benchmarks/p_hat700-1.clq	77	7	2.455157518386841
benchmarks/p_hat700-1.clq	78	7	1.891960859298706
benchmarks/p_hat700-1.clq	79	7	1.926354169845581
benchmarks/p_hat700-1.clq	80	7	2.381222724914551
benchmarks/p_hat700-1.clq	81	7	2.2756521701812744
benchmarks/p_hat700-1.clq	82	7	2.185263156890869
benchmarks/p_hat700-1.clq	83	7	2.383192300796509
benchmarks/p_hat700-1.clq	84	7	2.3286314010620117
benchmarks/p_hat700-1.clq	85	8	2.3235795497894287
benchmarks/p_hat700-1.clq	86	8	2.320225715637207
benchmarks/p_hat700-1.clq	87	7	1.7894647121429443
benchmarks/p_hat700-1.clq	88	7	1.8896408081054688
benchmarks/p_hat700-1.clq	89	7	1.7781987190246582
benchmarks/p_hat700-1.clq	90	8	2.169865131378174
benchmarks/p_hat700-1.clq	91	7	2.315779685974121
benchmarks/p_hat700-1.clq	92	6	2.0323641300201416
benchmarks/p_hat700-1.clq	93	6	1.924576759338379
benchmarks/p_hat700-1.clq	94	7	2.3643510341644287
benchmarks/p_hat700-1.clq	95	7	2.430004835128784
benchmarks/p_hat700-1.clq	96	7	2.5336625576019287
benchmarks/p_hat700-1.clq	97	9	2.330707550048828
benchmarks/p_hat700-1.clq	98	6	1.8774702548980713
benchmarks/p_hat700-1.clq	99	8	2.112914800643921
benchmarks/p_hat700-1.clq	100	8	2.1761648654937744
benchmarks/p_hat700-2.clq	1	36	9.058061361312866
benchmarks/p_hat700-2.clq	2	38	9.862756729125977
benchmarks/p_hat700-2.clq	3	35	13.134940147399902
benchmarks/p_hat700-2.clq	4	34	10.22379994392395
benchmarks/p_hat700-2.clq	5	41	14.469299077987671
benchmarks/p_hat700-2.clq	6	37	12.850031852722168
benchmarks/p_hat700-2.clq	7	36	12.843456029891968
benchmarks/p_hat700-2.clq	8	33	12.013864278793335
benchmarks/p_hat700-2.clq	9	34	11.93211841583252
benchmarks/p_hat700-2.clq	10	36	11.625991344451904
benchmarks/p_hat700-2.clq	11	33	10.27553677558899
benchmarks/p_hat700-2.clq	12	36	10.433233261108398
benchmarks/p_hat700-2.clq	13	38	11.988933324813843
benchmarks/p_hat700-2.clq	14	37	11.525020837783813
benchmarks/p_hat700-2.clq	15	32	9.044784307479858
benchmarks/p_hat700-2.clq	16	33	10.336848974227905
benchmarks/p_hat700-2.clq	17	31	10.216898202896118
benchmarks/p_hat700-2.clq	18	34	10.784504175186157
benchmarks/p_hat700-2.clq	19	35	11.087377786636353
benchmarks/p_hat700-2.clq	20	33	10.291983127593994
benchmarks/p_hat700-2.clq	21	35	10.806396245956421
benchmarks/p_hat700-2.clq	22	31	9.572781562805176
benchmarks/p_hat700-2.clq	23	33	9.095534801483154
benchmarks/p_hat700-2.clq	24	35	9.836014747619629
benchmarks/p_hat700-2.clq	25	29	9.68362045288086
benchmarks/p_hat700-2.clq	26	35	11.271756649017334
benchmarks/p_hat700-2.clq	27	37	11.982540607452393
benchmarks/p_hat700-2.clq	28	36	10.804835796356201
benchmarks/p_hat700-2.clq	29	38	12.364535331726074
benchmarks/p_hat700-2.clq	30	38	11.856232404708862
benchmarks/p_hat700-2.clq	31	36	10.322929859161377
benchmarks/p_hat700-2.clq	32	31	8.767638683319092
benchmarks/p_hat700-2.clq	33	34	10.937685251235962
benchmarks/p_hat700-2.clq	34	34	10.413475275039673
benchmarks/p_hat700-2.clq	35	35	11.08981966972351
benchmarks/p_hat700-2.clq	36	34	10.03916335105896
benchmarks/p_hat700-2.clq	37	34	10.405495405197144
benchmarks/p_hat700-2.clq	38	34	10.379410982131958
benchmarks/p_hat700-2.clq	39	39	12.864898681640625
benchmarks/p_hat700-2.clq	40	36	11.604833602905273
benchmarks/p_hat700-2.clq	41	36	10.340742349624634
benchmarks/p_hat700-2.clq	42	31	9.62144422531128
benchmarks/p_hat700-2.clq	43	32	9.297565460205078
benchmarks/p_hat700-2.clq	44	35	11.150134563446045
benchmarks/p_hat700-2.clq	45	27	7.981324911117554
benchmarks/p_hat700-2.clq	46	33	9.14867353439331
benchmarks/p_hat700-2.clq	47	37	12.709908962249756
benchmarks/p_hat700-2.clq	48	34	10.938193559646606
benchmarks/p_hat700-2.clq	49	35	10.162007093429565
benchmarks/p_hat700-2.clq	50	36	11.275198936462402
benchmarks/p_hat700-2.clq	51	36	11.123525142669678
benchmarks/p_hat700-2.clq	52	34	9.89320421218872
benchmarks/p_hat700-2.clq	53	32	8.555413246154785
benchmarks/p_hat700-2.clq	54	33	9.611004829406738
benchmarks/p_hat700-2.clq	55	35	11.373594045639038
benchmarks/p_hat700-2.clq	56	34	11.256691455841064
benchmarks/p_hat700-2.clq	57	33	9.353363275527954
benchmarks/p_hat700-2.clq	58	32	10.007075548171997
benchmarks/p_hat700-2.clq	59	37	12.274513244628906
benchmarks/p_hat700-2.clq	60	40	12.654366254806519
benchmarks/p_hat700-2.clq	61	33	9.495297193527222
benchmarks/p_hat700-2.clq	62	38	10.512622356414795
benchmarks/p_hat700-2.clq	63	33	9.807235956192017
benchmarks/p_hat700-2.clq	64	37	11.093246698379517
benchmarks/p_hat700-2.clq	65	39	11.098633766174316
benchmarks/p_hat700-2.clq	66	30	8.250436782836914
benchmarks/p_hat700-2.clq	67	37	10.844419717788696
benchmarks/p_hat700-2.clq	68	31	9.112052917480469
benchmarks/p_hat700-2.clq	69	23	6.705172777175903
benchmarks/p_hat700-2.clq	70	32	9.586700916290283
benchmarks/p_hat700-2.clq	71	34	10.150270938873291
benchmarks/p_hat700-2.clq	72	30	8.320356845855713
benchmarks/p_hat700-2.clq	73	38	10.368886232376099
benchmarks/p_hat700-2.clq	74	35	9.973779201507568
benchmarks/p_hat700-2.clq	75	39	12.007798910140991
benchmarks/p_hat700-2.clq	76	39	11.880940198898315
benchmarks/p_hat700-2.clq	77	33	9.444069862365723
benchmarks/p_hat700-2.clq	78	33	9.871148347854614
benchmarks/p_hat700-2.clq	79	35	11.066695213317871
benchmarks/p_hat700-2.clq	80	30	10.24526572227478
benchmarks/p_hat700-2.clq	81	37	11.63957142829895
benchmarks/p_hat700-2.clq	82	32	9.350895404815674
benchmarks/p_hat700-2.clq	83	38	11.621690273284912
benchmarks/p_hat700-2.clq	84	35	10.174669981002808
benchmarks/p_hat700-2.clq	85	30	10.891597509384155
benchmarks/p_hat700-2.clq	86	33	10.825798988342285
benchmarks/p_hat700-2.clq	87	30	10.272676467895508
benchmarks/p_hat700-2.clq	88	36	11.350069999694824
benchmarks/p_hat700-2.clq	89	37	11.483962297439575
benchmarks/p_hat700-2.clq	90	30	8.63737154006958
benchmarks/p_hat700-2.clq	91	36	12.22691798210144
benchmarks/p_hat700-2.clq	92	34	10.951349258422852
benchmarks/p_hat700-2.clq	93	35	11.327687501907349
benchmarks/p_hat700-2.clq	94	33	10.692428588867188
benchmarks/p_hat700-2.clq	95	30	8.74402403831482
benchmarks/p_hat700-2.clq	96	30	8.791661500930786
benchmarks/p_hat700-2.clq	97	39	12.689873695373535
benchmarks/p_hat700-2.clq	98	36	11.116991758346558
benchmarks/p_hat700-2.clq	99	32	10.745218276977539
benchmarks/p_hat700-2.clq	100	33	10.530372142791748
benchmarks/p_hat700-3.clq	1	42	17.675758838653564
benchmarks/p_hat700-3.clq	2	47	21.67091202735901
benchmarks/p_hat700-3.clq	3	53	25.54830837249756
benchmarks/p_hat700-3.clq	4	42	19.98409914970398
benchmarks/p_hat700-3.clq	5	51	24.568665981292725
benchmarks/p_hat700-3.clq	6	37	15.033405303955078
benchmarks/p_hat700-3.clq	7	47	25.144840478897095
benchmarks/p_hat700-3.clq	8	51	26.06432795524597
benchmarks/p_hat700-3.clq	9	55	29.632654190063477
benchmarks/p_hat700-3.clq	10	56	27.79907536506653
benchmarks/p_hat700-3.clq	11	51	27.242980241775513
benchmarks/p_hat700-3.clq	12	55	28.70068073272705
benchmarks/p_hat700-3.clq	13	42	17.18876576423645
benchmarks/p_hat700-3.clq	14	48	23.44509220123291
benchmarks/p_hat700-3.clq	15	48	21.536499500274658
benchmarks/p_hat700-3.clq	16	45	22.431438446044922
benchmarks/p_hat700-3.clq	17	52	25.894168615341187
benchmarks/p_hat700-3.clq	18	51	24.722179412841797
benchmarks/p_hat700-3.clq	19	45	22.706082582473755
benchmarks/p_hat700-3.clq	20	55	27.102510929107666
benchmarks/p_hat700-3.clq	21	49	23.513769388198853
benchmarks/p_hat700-3.clq	22	50	22.13684320449829
benchmarks/p_hat700-3.clq	23	53	27.080485582351685
benchmarks/p_hat700-3.clq	24	55	30.05022144317627
benchmarks/p_hat700-3.clq	25	50	26.417534828186035
benchmarks/p_hat700-3.clq	26	53	27.52809453010559
benchmarks/p_hat700-3.clq	27	51	25.55646324157715
benchmarks/p_hat700-3.clq	28	58	31.222233772277832
benchmarks/p_hat700-3.clq	29	44	19.77955651283264
benchmarks/p_hat700-3.clq	30	53	26.309186935424805
benchmarks/p_hat700-3.clq	31	45	20.12676429748535
benchmarks/p_hat700-3.clq	32	51	24.65949583053589
benchmarks/p_hat700-3.clq	33	49	23.851771116256714
benchmarks/p_hat700-3.clq	34	56	27.084768533706665
benchmarks/p_hat700-3.clq	35	53	27.33983087539673
benchmarks/p_hat700-3.clq	36	49	20.760434865951538
benchmarks/p_hat700-3.clq	37	54	29.222552061080933
benchmarks/p_hat700-3.clq	38	53	26.53745937347412
benchmarks/p_hat700-3.clq	39	47	22.794499158859253
benchmarks/p_hat700-3.clq	40	55	26.84772562980652
benchmarks/p_hat700-3.clq	41	41	18.189557313919067
benchmarks/p_hat700-3.clq	42	48	22.9292950630188
benchmarks/p_hat700-3.clq	43	47	22.458579301834106
benchmarks/p_hat700-3.clq	44	49	25.20274257659912
benchmarks/p_hat700-3.clq	45	49	25.270936250686646
benchmarks/p_hat700-3.clq	46	43	19.422518014907837
benchmarks/p_hat700-3.clq	47	53	26.85458731651306
benchmarks/p_hat700-3.clq	48	53	29.120498180389404
benchmarks/p_hat700-3.clq	49	48	23.0161395072937
benchmarks/p_hat700-3.clq	50	52	26.686879873275757
benchmarks/p_hat700-3.clq	51	50	24.091070652008057
benchmarks/p_hat700-3.clq	52	52	26.092081546783447
benchmarks/p_hat700-3.clq	53	49	24.600369215011597
benchmarks/p_hat700-3.clq	54	51	22.690417051315308
benchmarks/p_hat700-3.clq	55	51	24.192516803741455
benchmarks/p_hat700-3.clq	56	53	24.268157243728638
benchmarks/p_hat700-3.clq	57	50	24.875848531723022
benchmarks/p_hat700-3.clq	58	54	29.30371379852295
benchmarks/p_hat700-3.clq	59	49	24.566505193710327
benchmarks/p_hat700-3.clq	60	45	22.319297790527344
benchmarks/p_hat700-3.clq	61	51	22.40479278564453
benchmarks/p_hat700-3.clq	62	50	26.281646013259888
benchmarks/p_hat700-3.clq	63	52	25.66673469543457
benchmarks/p_hat700-3.clq	64	50	24.579612255096436
benchmarks/p_hat700-3.clq	65	50	26.069796085357666
benchmarks/p_hat700-3.clq	66	47	24.301976203918457
benchmarks/p_hat700-3.clq	67	48	23.850099086761475
benchmarks/p_hat700-3.clq	68	49	23.648966550827026
benchmarks/p_hat700-3.clq	69	51	20.817360639572144
benchmarks/p_hat700-3.clq	70	49	24.732786417007446
benchmarks/p_hat700-3.clq	71	49	22.13395071029663
benchmarks/p_hat700-3.clq	72	48	22.618520736694336
benchmarks/p_hat700-3.clq	73	53	26.814025402069092
benchmarks/p_hat700-3.clq	74	53	27.640695810317993
benchmarks/p_hat700-3.clq	75	53	25.91977047920227
benchmarks/p_hat700-3.clq	76	50	24.487277507781982
benchmarks/p_hat700-3.clq	77	45	22.55567502975464
benchmarks/p_hat700-3.clq	78	48	23.991798162460327
benchmarks/p_hat700-3.clq	79	55	27.36615777015686
benchmarks/p_hat700-3.clq	80	54	28.489341974258423
benchmarks/p_hat700-3.clq	81	49	25.864168882369995
benchmarks/p_hat700-3.clq	82	45	24.703815460205078
benchmarks/p_hat700-3.clq	83	51	26.24770450592041
benchmarks/p_hat700-3.clq	84	48	25.504417657852173
benchmarks/p_hat700-3.clq	85	52	26.518499612808228
benchmarks/p_hat700-3.clq	86	51	27.456568241119385
benchmarks/p_hat700-3.clq	87	54	27.262125253677368
benchmarks/p_hat700-3.clq	88	53	25.86118173599243
benchmarks/p_hat700-3.clq	89	53	26.70336079597473
benchmarks/p_hat700-3.clq	90	45	21.14596652984619
benchmarks/p_hat700-3.clq	91	50	25.836206197738647
benchmarks/p_hat700-3.clq	92	54	29.6806538105011
benchmarks/p_hat700-3.clq	93	56	33.18886613845825
benchmarks/p_hat700-3.clq	94	53	26.72828197479248
benchmarks/p_hat700-3.clq	95	52	27.487183809280396
benchmarks/p_hat700-3.clq	96	50	25.8250994682312
benchmarks/p_hat700-3.clq	97	48	22.672813653945923
benchmarks/p_hat700-3.clq	98	54	31.47768259048462
benchmarks/p_hat700-3.clq	99	54	27.37263011932373
benchmarks/p_hat700-3.clq	100	55	30.15175747871399
benchmarks/p_hat1500-1.clq	1	8	15.521312952041626
benchmarks/p_hat1500-1.clq	2	8	19.472983598709106
benchmarks/p_hat1500-1.clq	3	9	17.865660905838013
benchmarks/p_hat1500-1.clq	4	8	16.04223346710205
benchmarks/p_hat1500-1.clq	5	9	15.698947429656982
benchmarks/p_hat1500-1.clq	6	9	15.798518896102905
benchmarks/p_hat1500-1.clq	7	9	16.324780225753784
benchmarks/p_hat1500-1.clq	8	9	15.05855393409729
benchmarks/p_hat1500-1.clq	9	8	15.605658531188965
benchmarks/p_hat1500-1.clq	10	10	16.883317470550537
benchmarks/p_hat1500-1.clq	11	7	14.419312477111816
benchmarks/p_hat1500-1.clq	12	8	14.38565707206726
benchmarks/p_hat1500-1.clq	13	7	14.074405670166016
benchmarks/p_hat1500-1.clq	14	8	14.915520429611206
benchmarks/p_hat1500-1.clq	15	9	14.517723560333252
benchmarks/p_hat1500-1.clq	16	7	13.666338682174683
benchmarks/p_hat1500-1.clq	17	8	14.083999633789062
benchmarks/p_hat1500-1.clq	18	8	11.92740774154663
benchmarks/p_hat1500-1.clq	19	8	13.863295316696167
benchmarks/p_hat1500-1.clq	20	7	11.968888521194458
benchmarks/p_hat1500-1.clq	21	9	12.882140636444092
benchmarks/p_hat1500-1.clq	22	8	13.598185777664185
benchmarks/p_hat1500-1.clq	23	9	12.848772048950195
benchmarks/p_hat1500-1.clq	24	9	13.590573072433472
benchmarks/p_hat1500-1.clq	25	8	13.591022253036499
benchmarks/p_hat1500-1.clq	26	9	12.29689884185791
benchmarks/p_hat1500-1.clq	27	8	10.957488059997559
benchmarks/p_hat1500-1.clq	28	9	11.96650505065918
benchmarks/p_hat1500-1.clq	29	8	13.543370008468628
benchmarks/p_hat1500-1.clq	30	8	12.780964612960815
benchmarks/p_hat1500-1.clq	31	9	14.463194131851196
benchmarks/p_hat1500-1.clq	32	8	17.56948447227478
benchmarks/p_hat1500-1.clq	33	8	15.602254867553711
benchmarks/p_hat1500-1.clq	34	9	13.317034482955933
benchmarks/p_hat1500-1.clq	35	8	12.851867914199829
benchmarks/p_hat1500-1.clq	36	9	13.176710605621338
benchmarks/p_hat1500-1.clq	37	9	13.432433366775513
benchmarks/p_hat1500-1.clq	38	9	12.354593992233276
benchmarks/p_hat1500-1.clq	39	9	12.579018831253052
benchmarks/p_hat1500-1.clq	40	9	13.3214271068573
benchmarks/p_hat1500-1.clq	41	8	11.682531833648682
benchmarks/p_hat1500-1.clq	42	8	12.663613080978394
benchmarks/p_hat1500-1.clq	43	8	12.265243768692017
benchmarks/p_hat1500-1.clq	44	8	12.551695585250854
benchmarks/p_hat1500-1.clq	45	8	14.22398853302002
benchmarks/p_hat1500-1.clq	46	9	13.397171258926392
benchmarks/p_hat1500-1.clq	47	7	13.43579387664795
benchmarks/p_hat1500-1.clq	48	9	14.56952166557312
benchmarks/p_hat1500-1.clq	49	9	14.73511528968811
benchmarks/p_hat1500-1.clq	50	9	15.457161903381348
benchmarks/p_hat1500-1.clq	51	8	15.788357257843018
benchmarks/p_hat1500-1.clq	52	8	13.922698497772217
benchmarks/p_hat1500-1.clq	53	8	13.417638301849365
benchmarks/p_hat1500-1.clq	54	7	13.314626693725586
benchmarks/p_hat1500-1.clq	55	10	15.248186111450195
benchmarks/p_hat1500-1.clq	56	8	12.714077949523926
benchmarks/p_hat1500-1.clq	57	8	11.453948497772217
benchmarks/p_hat1500-1.clq	58	8	14.60513162612915
benchmarks/p_hat1500-1.clq	59	9	16.648099184036255
benchmarks/p_hat1500-1.clq	60	9	15.916484117507935
benchmarks/p_hat1500-1.clq	61	9	16.700603246688843
benchmarks/p_hat1500-1.clq	62	10	16.38964343070984
benchmarks/p_hat1500-1.clq	63	9	14.020318508148193
benchmarks/p_hat1500-1.clq	64	8	14.859130144119263
benchmarks/p_hat1500-1.clq	65	8	14.762219429016113
benchmarks/p_hat1500-1.clq	66	9	16.583009243011475
benchmarks/p_hat1500-1.clq	67	7	14.341709852218628
benchmarks/p_hat1500-1.clq	68	8	14.091986417770386
benchmarks/p_hat1500-1.clq	69	7	13.183546543121338
benchmarks/p_hat1500-1.clq	70	8	14.605802774429321
benchmarks/p_hat1500-1.clq	71	8	13.979445457458496
benchmarks/p_hat1500-1.clq	72	7	14.192703485488892
benchmarks/p_hat1500-1.clq	73	8	14.003449201583862
benchmarks/p_hat1500-1.clq	74	7	13.903420448303223
benchmarks/p_hat1500-1.clq	75	7	14.5389404296875
benchmarks/p_hat1500-1.clq	76	7	14.397284269332886
benchmarks/p_hat1500-1.clq	77	8	13.140938997268677
benchmarks/p_hat1500-1.clq	78	8	22.870389461517334
benchmarks/p_hat1500-1.clq	79	9	12.149087905883789
benchmarks/p_hat1500-1.clq	80	8	12.603029251098633
benchmarks/p_hat1500-1.clq	81	9	15761.918461799622
benchmarks/p_hat1500-1.clq	82	8	15.294629335403442
benchmarks/p_hat1500-1.clq	83	7	15.386758089065552
benchmarks/p_hat1500-1.clq	84	9	19.068730115890503
benchmarks/p_hat1500-1.clq	85	9	15.882963418960571
benchmarks/p_hat1500-1.clq	86	9	15.634904146194458
benchmarks/p_hat1500-1.clq	87	8	13.59196400642395
benchmarks/p_hat1500-1.clq	88	8	14.831325769424438
benchmarks/p_hat1500-1.clq	89	9	14.975942850112915
benchmarks/p_hat1500-1.clq	90	9	14.47633981704712
benchmarks/p_hat1500-1.clq	91	7	15.105903387069702
benchmarks/p_hat1500-1.clq	92	8	15.08898401260376
benchmarks/p_hat1500-1.clq	93	9	16.15977907180786
benchmarks/p_hat1500-1.clq	94	8	15.109015941619873
benchmarks/p_hat1500-1.clq	95	8	14.522043943405151
benchmarks/p_hat1500-1.clq	96	7	13.700143814086914
benchmarks/p_hat1500-1.clq	97	9	14.40880012512207
benchmarks/p_hat1500-1.clq	98	8	13.129141807556152
benchmarks/p_hat1500-1.clq	99	7	13.75758671760559
benchmarks/p_hat1500-1.clq	100	8	16.48567271232605
benchmarks/p_hat1500-2.clq	1	57	128.40149760246277
benchmarks/p_hat1500-2.clq	2	46	100.4868905544281
benchmarks/p_hat1500-2.clq	3	47	93.85925626754761
benchmarks/p_hat1500-2.clq	4	55	116.76460313796997
benchmarks/p_hat1500-2.clq	5	50	99.28111433982849
benchmarks/p_hat1500-2.clq	6	58	131.89672470092773
benchmarks/p_hat1500-2.clq	7	52	108.95598793029785
benchmarks/p_hat1500-2.clq	8	47	108.0130832195282
benchmarks/p_hat1500-2.clq	9	55	121.7957935333252
benchmarks/p_hat1500-2.clq	10	46	97.20131421089172
benchmarks/p_hat1500-2.clq	11	55	125.34947729110718
benchmarks/p_hat1500-2.clq	12	50	118.18548440933228
benchmarks/p_hat1500-2.clq	13	56	114.37411284446716
benchmarks/p_hat1500-2.clq	14	52	116.40161228179932
benchmarks/p_hat1500-2.clq	15	47	100.13346743583679
benchmarks/p_hat1500-2.clq	16	52	108.34011101722717
benchmarks/p_hat1500-2.clq	17	50	126.15574073791504
benchmarks/p_hat1500-2.clq	18	52	103.7668571472168
benchmarks/p_hat1500-2.clq	19	53	109.83091187477112
benchmarks/p_hat1500-2.clq	20	55	115.40041089057922
benchmarks/p_hat1500-2.clq	21	52	98.29448676109314
benchmarks/p_hat1500-2.clq	22	56	118.3480327129364
benchmarks/p_hat1500-2.clq	23	44	90.11925506591797
benchmarks/p_hat1500-2.clq	24	54	107.76782202720642
benchmarks/p_hat1500-2.clq	25	54	116.2165379524231
benchmarks/p_hat1500-2.clq	26	54	109.44344115257263
benchmarks/p_hat1500-2.clq	27	53	103.49321246147156
benchmarks/p_hat1500-2.clq	28	52	110.09770226478577
benchmarks/p_hat1500-2.clq	29	49	109.8861517906189
benchmarks/p_hat1500-2.clq	30	51	102.3290421962738
benchmarks/p_hat1500-2.clq	31	53	123.40639996528625
benchmarks/p_hat1500-2.clq	32	54	111.34086084365845
benchmarks/p_hat1500-2.clq	33	53	120.40647196769714
benchmarks/p_hat1500-2.clq	34	48	99.18653702735901
benchmarks/p_hat1500-2.clq	35	46	88.81556582450867
benchmarks/p_hat1500-2.clq	36	49	100.0424313545227
benchmarks/p_hat1500-2.clq	37	55	111.65411448478699
benchmarks/p_hat1500-2.clq	38	46	87.4815320968628
benchmarks/p_hat1500-2.clq	39	50	107.28812074661255
benchmarks/p_hat1500-2.clq	40	55	114.04812169075012
benchmarks/p_hat1500-2.clq	41	55	118.0392758846283
benchmarks/p_hat1500-2.clq	42	54	106.04492735862732
benchmarks/p_hat1500-2.clq	43	50	106.34519815444946
benchmarks/p_hat1500-2.clq	44	58	104.58507251739502
benchmarks/p_hat1500-2.clq	45	53	104.26702809333801
benchmarks/p_hat1500-2.clq	46	55	111.57869124412537
benchmarks/p_hat1500-2.clq	47	54	105.29544472694397
benchmarks/p_hat1500-2.clq	48	51	88.87055611610413
benchmarks/p_hat1500-2.clq	49	55	113.6443362236023
benchmarks/p_hat1500-2.clq	50	45	86.46566486358643
benchmarks/p_hat1500-2.clq	51	55	96.75377178192139
benchmarks/p_hat1500-2.clq	52	46	104.27271556854248
benchmarks/p_hat1500-2.clq	53	58	135.05230522155762
benchmarks/p_hat1500-2.clq	54	57	149.06254935264587
benchmarks/p_hat1500-2.clq	55	57	118.51312470436096
benchmarks/p_hat1500-2.clq	56	46	88.17311835289001
benchmarks/p_hat1500-2.clq	57	55	122.97952175140381
benchmarks/p_hat1500-2.clq	58	46	87.78381681442261
benchmarks/p_hat1500-2.clq	59	48	98.17341685295105
benchmarks/p_hat1500-2.clq	60	49	112.18515062332153
benchmarks/p_hat1500-2.clq	61	43	94.08036279678345
benchmarks/p_hat1500-2.clq	62	49	91.39492011070251
benchmarks/p_hat1500-2.clq	63	61	139.49007773399353
benchmarks/p_hat1500-2.clq	64	55	102.52771949768066
benchmarks/p_hat1500-2.clq	65	53	112.85621905326843
benchmarks/p_hat1500-2.clq	66	45	79.24885296821594
benchmarks/p_hat1500-2.clq	67	54	110.12764644622803
benchmarks/p_hat1500-2.clq	68	56	99.99897813796997
benchmarks/p_hat1500-2.clq	69	49	99.4255199432373
benchmarks/p_hat1500-2.clq	70	59	126.27191638946533
benchmarks/p_hat1500-2.clq	71	54	118.56791257858276
benchmarks/p_hat1500-2.clq	72	53	98.88858079910278
benchmarks/p_hat1500-2.clq	73	50	101.65202784538269
benchmarks/p_hat1500-2.clq	74	58	109.87198066711426
benchmarks/p_hat1500-2.clq	75	52	112.44071173667908
benchmarks/p_hat1500-2.clq	76	39	81.76216697692871
benchmarks/p_hat1500-2.clq	77	55	115.73923516273499
benchmarks/p_hat1500-2.clq	78	50	91.77112865447998
benchmarks/p_hat1500-2.clq	79	55	117.71601271629333
benchmarks/p_hat1500-2.clq	80	48	86.60045623779297
benchmarks/p_hat1500-2.clq	81	52	97.4309024810791
benchmarks/p_hat1500-2.clq	82	53	107.17807269096375
benchmarks/p_hat1500-2.clq	83	52	97.48206043243408
benchmarks/p_hat1500-2.clq	84	53	99.0481231212616
benchmarks/p_hat1500-2.clq	85	55	109.5599730014801
benchmarks/p_hat1500-2.clq	86	53	106.09416723251343
benchmarks/p_hat1500-2.clq	87	54	111.76249146461487
benchmarks/p_hat1500-2.clq	88	50	103.61416482925415
benchmarks/p_hat1500-2.clq	89	56	116.11837244033813
benchmarks/p_hat1500-2.clq	90	48	102.8063611984253
benchmarks/p_hat1500-2.clq	91	57	117.21867394447327
benchmarks/p_hat1500-2.clq	92	53	109.63739395141602
benchmarks/p_hat1500-2.clq	93	52	105.88757920265198
benchmarks/p_hat1500-2.clq	94	54	113.95432567596436
benchmarks/p_hat1500-2.clq	95	50	91.35316920280457
benchmarks/p_hat1500-2.clq	96	58	121.39977860450745
benchmarks/p_hat1500-2.clq	97	51	107.94013571739197
benchmarks/p_hat1500-2.clq	98	58	118.70637559890747
benchmarks/p_hat1500-2.clq	99	47	111.86700558662415
benchmarks/p_hat1500-2.clq	100	50	109.20758152008057



